1787283894236 0.35614524275422227 1
1787283895484 0.06695842229501109 2
1787283896684 0.04044931947284248 3
1787283897884 0.0325157845342457 4
1787283899066 0.023445862312535235 5
1787283900385 0.020558398713848874 6
1787283901627 0.018528473801545892 7
1787283902854 0.016557670665905556 8
1787283904082 0.015051430434226173 9
1787283905397 0.013674592998475505 10
1787283906588 0.013205822424519759 11
1787283907791 0.012359999936257866 12
1787283908955 0.012136858759909358 13
1787283910233 0.011637422250073557 14
1787283911440 0.011158354517614044 15
1787283912766 0.010334666234426308 16
1787283914088 0.009086765421185621 17
1787283915465 0.008059279998935822 18
1787283916827 0.007417510391569967 19
1787283918202 0.0069477929246632335 20
