1786971089272 0.37346074539263263 1
1786971090269 0.0729751565516342 2
1786971091351 0.03902365697760777 3
1786971092387 0.034606014654479406 4
1786971093442 0.030317534632394498 5
1786971094486 0.024335934491779523 6
1786971095580 0.019468004802293642 7
1786971096685 0.017016370664788286 8
1786971097763 0.015916671353781116 9
1786971098822 0.01405539637147148 10
1786971099910 0.013073160826556391 11
1786971101055 0.0123413940381186 12
1786971102130 0.01220440961523527 13
1786971103185 0.011584556052860809 14
1786971104226 0.010991492209976602 15
1786971105264 0.010604365312653454 16
1786971106356 0.010079709354282596 17
1786971107385 0.009379665290175011 18
1786971108495 0.008267092625169545 19
1786971109623 0.007091331705317756 20
