1786970930578 0.3817738117511249 1
1786970931665 0.07727168959184778 2
1786970932689 0.038799913643903484 3
1786970933759 0.03351184369313424 4
1786970934898 0.02827621768874097 5
1786970936114 0.01985517474564658 6
1786970937343 0.01570325879755256 7
1786970938756 0.01399374908095828 8
1786970940046 0.012775032877731435 9
1786970941341 0.012188791399915369 10
1786970942686 0.011719875825799182 11
1786970944020 0.011142089262237018 12
1786970945424 0.010796941610599079 13
1786970946542 0.010337449553656054 14
1786970947541 0.010059318925491535 15
1786970948546 0.009693064840551819 16
1786970949523 0.009246321625244611 17
1786970950590 0.008427551846575872 18
1786970951675 0.0075215274404598405 19
1786970952782 0.006939211239135073 20
